OBJECTID	PERCENT_
1	13.054
2	18.39
3	17.677
4	22.319
5	32.923
6	44.974
7	26.647
8	12.455
9	10.651
10	5.043
11	4.787
12	10.93
13	11.191
14	17.408
15	28.669
16	0
17	0.268
18	12.851
19	12.27
20	0
21	0.016
22	1.634
23	0
24	0.316
25	3.252
26	0
27	0.654
28	0
29	0
30	28.926
31	5.262
32	18.194
33	0
34	0.013
35	0.242
36	0.98
37	8.722
38	0
39	1.122
40	0
41	0.3
42	4.168
43	1.557
44	0.773
45	0
46	7.604
47	0.117
48	0
49	0
50	23.614
51	4.034
52	0.79
53	0.667
54	0
55	0
56	0.16
57	0
58	0.024
59	0.06
60	0.006
61	0
62	0
63	0.666
64	0
65	0.034
66	0
67	0.004
68	19.962
69	11.48
70	0.118
71	0.01
72	0.001
73	0.96
74	0.01
75	11.842
76	14.448
77	10.5
78	4.974
79	11.588
80	3.263
81	27.719
82	41.81
83	19.34
84	0
85	13.973
86	0
87	27.811
88	23.237
89	26.455
90	4.875
91	15.159
92	20.755
93	10.097
94	16.131
95	13.293
96	4.992
97	0.724
98	1.617
99	0.111
100	0
101	0.384
102	0.054
103	1.023
104	0.99
105	1.374
106	1.875
107	0
108	9.343
109	5.341
110	0
111	1.929
112	2.1
113	0
114	0
115	0
116	0
117	0
118	0
119	0.012
120	0.02
121	0
122	0
123	0
124	0
125	0
126	0.323
127	0
128	0.11
129	0
130	0
131	4.899
132	0.413
133	0.54
134	0.13
135	0
136	0.56
137	10.244
138	0.27
139	0
140	0.28
141	0
142	0
143	0.017
144	0
145	0.3
146	0.002
147	0.005
148	0.659
149	0.13
150	4.194
151	0.27
152	15.254
153	0
154	0
155	0
156	0.592
157	0
158	1.034
159	6.169
160	3.542
161	13.733
162	5.994
163	0.597
164	0
165	0.187
166	0
167	1.569
168	0.407
169	13.971
170	0.009
171	0
172	0
173	4.148
174	2.174
175	0.032
176	1.962
177	16.652
178	2.653
179	0.052
180	0.071
181	4.55
182	7.269
183	11.93
184	1.765
185	8.314
186	7.069
187	10.379
188	14.921
189	1.628
190	0.009
191	0
192	1.962
193	12.844
194	6.251
195	4.028
196	4.059
197	4.875
198	24.738
199	32.592
200	9.67
201	15.444
202	5.793
203	16.131
204	1.205
205	12.826
206	20.273
207	7.922
208	13.98
209	20.83
210	8.79
211	8.07
212	9.399
213	0.345
214	10.427
215	29.517
216	14.442
217	5.567
218	2.079
219	0.184
220	9.813
221	5.886
222	3.926
223	12.626
224	11.474
225	0
226	0.1
227	0
228	0
229	0.34
230	0.541
231	0.86
232	0.857
233	0
234	0
235	0
236	0
237	0.554
238	1.123
239	1.888
240	0.695
241	0.141
242	0.8
243	0
244	0
245	11.23
246	0
247	0.77
248	0
249	0.057
250	1.41
251	0
252	0
253	1.56
254	4.6
255	5.744
256	0
257	0.007
258	2.53
259	0
260	1.99
261	7.02
262	0.057
263	0
264	11.613
265	0
266	3.69
267	4.807
268	17.615
269	2.089
270	0
271	0
272	0.73
273	7.48
274	6.803
275	5.72
276	9.349
277	7.85
278	4.693
279	0
280	0.196
281	0.638
282	7.51
283	14.74
284	4.698
285	14.332
286	0
287	2.84
288	1.31
289	9.72
290	0
291	0
292	0.554
293	0.052
294	1.168
295	0
296	12.469
297	2.24
298	0.011
299	0.605
300	10.5
301	22.828
302	0
303	0
304	0
305	15.367
306	1.157
307	1.898
308	6.626
309	1.706
310	7.463
311	0
312	0
313	10.361
314	1.182
315	5.511
316	3.787
317	0
318	0
319	32.268
320	6.814
321	5.061
322	0
323	1.559
324	0.018
325	3.035
326	0
327	0
328	0
329	0
330	0
331	0.57
332	0
333	0.32
334	0.035
335	0.92
336	0
337	8.6
338	0.88
339	0
340	0.013
341	0.349
342	0.176
343	8.6
344	8.6
345	0.303
346	1.05
347	0
348	0
349	0.76
350	5.155
351	1.819
352	1.238
353	0.99
354	0
355	0
356	3.666
357	27.056
358	7.5
359	5.514
360	0
361	11.244
362	31.754
363	11.365
364	17.38
365	24.368
366	26.266
367	13.071
368	29.939
369	48.033
370	39.878
371	53.528
372	13.763
373	12.805
374	41.088
375	39.886
376	19.559
377	22.737
378	16.126
379	4.625
380	15.149
381	22.444
382	24.738
383	43.404
384	24.968
385	8.749
386	13.302
387	2.992
388	13.521
389	6.714
390	11.963
391	7.73
392	12.191
393	19.611
394	7.983
395	2.735
396	7.901
397	20.244
398	28.618
399	3.122
400	0
401	1.932
402	29.569
403	0.15
404	3.498
405	0.845
406	2.655
407	4.994
408	0.464
409	1.069
410	3.045
411	13.279
412	0.168
413	0
414	0
415	0
416	9.316
417	5.771
418	1.74
419	0.414
420	1.11
421	0
422	1.045
423	0.234
424	0
425	2.04
426	0
427	0.81
428	0
429	0.999
430	0.06
431	2.24
432	16.233
433	0.053
434	0
435	0
436	0
437	0.3
438	0
439	0.15
440	1.46
441	0.8
442	0.8
443	0
444	0
445	0
446	0.943
447	0
448	39.453
449	0
450	0
451	0
452	0.026
453	0.606
454	8.142
455	4.887
456	25.573
457	16.197
458	2.677
459	2.757
460	6.268
461	2.604
462	4.961
463	5.666
464	0.088
465	0.756
466	0
467	0.048
468	2.765
469	2.394
470	14.673
471	10.105
472	1.669
473	0.018
474	1.437
475	4.816
476	0.592
477	0.074
478	10.999
479	0.484
480	0.032
481	0.374
482	0.888
483	2.677
484	7.604
485	14.917
486	9.856
487	1.329
488	0
489	3.441
490	0.08
491	13.969
492	12.851
493	1.574
494	2.017
495	6.376
496	3.395
497	7.722
498	11.405
499	2.021
500	2.463
501	0
502	2.406
503	0.027
504	2.888
505	21.244
506	4.638
507	20.372
508	12.851
509	13.256
510	0.068
511	0.198
512	0.151
513	7.922
514	6.049
515	0
516	5.454
517	1.595
518	11.032
519	41.435
520	0.193
521	6.376
522	39.853
523	22.556
524	18.95
525	14.487
526	10.581
527	0.37
528	0.252
529	0
530	2.835
531	1.374
532	1.238
533	7.901
534	0
535	0
536	11.061
537	6.295
538	0.001
539	0.007
540	2.428
541	0.657
542	11.405
543	1.531
544	3.208
545	34.345
546	5.454
547	37.668
548	0
549	24.002
550	0.218
551	0
552	0.192
553	0.141
554	0
555	0.007
556	0.024
557	0.012
558	0.8
559	0
560	0
561	0
562	6.988
563	8.116
564	11.084
565	5.835
566	5.027
567	3.463
568	0.914
569	0.012
570	9.537
571	3.099
572	3.558
573	14.205
574	0.857
575	0
576	0.765
577	4.476
578	6.202
579	1.296
580	2.181
581	-999
582	19.95
583	18.439
584	0.898
585	11.93
586	0.356
587	0.389
588	21.492
589	0.791
590	1.88
591	7.019
592	0
593	4.642
594	0.074
595	27.605
596	0.849
597	15.482
598	1.203
599	1.71
600	23.909
601	4.82
602	1.279
603	0
604	0
605	9.335
606	10.8
607	0.402
608	18.327
609	0
610	29.293
611	31.569
612	18.794
613	24.55
614	0.8
615	0.01
616	0
617	0
618	0.05
619	0.03
620	0
621	0
622	3.695
623	0
624	0
625	0.05
626	0
627	0
628	0
629	0.001
630	0
631	0
632	0.002
633	0.13
634	0.004
635	0.038
636	0.002
637	0.312
638	0.037
639	0
640	1.599
641	0.389
642	0
643	4.486
644	0.902
645	0
646	2.26
647	1.84
648	2.29
649	4.17
650	0
651	4.095
652	8.069
653	0
654	1.266
655	18.855
656	23.973
657	11.518
658	12.23
659	20.73
660	35.34
661	7.474
662	10.548
663	22.867
664	28.19
665	34.628
666	20.201
667	15
668	7.531
669	40.366
670	12.854
671	19.261
672	11.588
673	24.036
674	20.988
675	21.3
676	13.526
677	9.864
678	21.898
679	14.441
680	38.108
681	48.932
682	23.379
683	25.288
684	13.058
685	8.263
686	16.194
687	8.984
688	9.827
689	33.62
690	9.815
691	0.774
692	0
693	13.505
694	10.044
695	10.277
696	12.158
697	6.943
698	0.924
699	27.605
700	0.632
701	1.436
702	0
703	0
704	30.874
705	28.589
706	6.803
707	0
708	0
709	0.35
710	0.39
711	0
712	0.455
713	0
714	1.65
715	0.165
716	0
717	7.167
718	3.24
719	14.972
720	8.925
721	0.011
722	1.967
723	0
724	5.24
725	2.303
726	0.113
727	2.499
728	1.149
729	0
730	1.204
731	0
732	13.297
733	0.126
734	4.024
735	2.877
736	0.74
737	1.669
738	0.008
739	20.83
740	0
741	0.057
742	1.375
743	0.219
744	13.245
745	5.744
746	9.951
747	2.657
748	12.753
749	5.886
750	9.464
751	6.513
752	7.506
753	0.449
754	1.288
755	20.988
756	20.879
757	18.227
758	19.57
759	10.226
760	22.867
761	26.679
762	17.118
763	0
764	28.289
765	26.455
766	23.237
767	0.898
768	0
769	35.121
770	0.189
771	1.436
772	36.286
773	2.657
774	1.885
775	0.316
776	0.634
777	4.308
778	3.339
779	18.614
780	36.179
781	6.255
782	11.005
783	9.45
784	11.309
785	4.184
786	15.159
787	16.182
788	17.396
789	0
790	2.217
791	1.727
792	0.345
793	20.098
794	6.072
795	0.686
796	0
797	8.428
798	0.017
799	0
800	0
801	0
802	0
803	3.208
804	13.01
805	11.78
806	10.155
807	0
808	11.324
809	12.79
810	45.804
811	10.5
812	21.492
813	5.13
814	0
815	0.302
816	22.045
817	1.205
818	1.321
819	10.898
820	3.16
821	2.451
822	18.302
823	8.935
824	0.8
825	9.165
826	0
827	11.769
828	23.742
829	0
830	0.003
831	4.443
832	27.413
833	11.752
834	6.101
835	0
836	0.852
837	0
838	2.562
839	18.544
840	12.63
841	36.55
842	32.153
843	0
844	0
845	0.08
846	0
847	8.346
848	13.065
849	22.246
850	24.925
851	6.46
852	6.44
853	0
854	1.123
855	0.189
856	16.58
857	39.599
858	5.501
859	28.363
860	14.223
861	23.753
862	27.822
863	0
864	0
865	13.03
866	8.123
867	3.87
868	5.26
